545
48
53
272
1026
178
308
827
996
300
990
297
980
962
883
283
1059
34
334
27
491
1087
608
18
20
743
828
869
1149
566
971
843
11
499
829
870
1116
309
756
319
324
330
1052
758
1055
788
837
567
859
514
493
796
865
271
1068
28
995
1095
818
784
1011
798
1137
1002
830
809
840
9
490
931
710
1070
1126
695
804
786
1006
1024
986
344
991
862
1135
484
778
453
494
805
799
705
1029
234
298
565
879
22
349
321
7
561
717
88
1094
55
874
325
1040
814
304
978
856
868
1200
1120
792
307
495
838
552
925
871
1163
854
848
972
606
288
528
1069
278
262
26
310
1115
19
0
1151
801
264
1117
252
808
257
863
497
1106
816
1088
826
299
501
509
261
23
857
992
24
685
820
823
913
825
511
669
269
306
147
867
1081
764
866
977
1178
1071
1155
999
1030
266
781
872
739
1010
1028
979
1033
911
479
772
880
752
815
846
313
860
276
320
1031
835
819
5
822
542
1001
38
256
555
858
172
33
253
1032
1067
1003
938
873
536
916
1016
1041
599
291
810
556
485
1121
740
1110
722
303
500
17
696
678
853
1105
259
532
69
794
285
507
1148
785
314
10
718
268
1084
998
1078
486
841
571
706
922
655
1037
988
260
289
1124
245
987
