1671
1267
780
1050
2130
546
2132
2280
1916
1025
589
935
1391
795
1283
170
896
1017
1858
2023
1235
850
1115
2231
2352
1545
1509
412
1511
2365
1269
2142
1909
1461
1034
616
611
1892
1189
270
261
1201
1022
1429
239
233
1553
1562
1026
308
2133
1172
2050
444
2400
480
2061
1122
2075
1516
1486
2089
2091
1999
2386
2097
1174
1138
541
1141
365
2346
2116
354
2387
1039
336
1169
570
1038
2136
1037
2099
671
240
213
735
744
2238
1281
1611
2243
2418
774
215
930
92
88
922
162
2277
1625
62
1716
1712
811
1684
834
2308
1681
1339
1313
9
2318
72
2221
1110
168
1799
1804
2429
1257
195
199
2414
1824
1263
1789
695
1592
