1126
2132
198
1336
1713
2280
637
2077
1753
115
2383
584
2301
2055
959
1386
921
2035
1043
953
2000
1958
1056
2336
2486
1015
101
1541
2218
2447
332
2475
2203
1114
739
1603
320
1481
1287
2470
1534
758
864
2028
317
1999
1989
472
474
2239
315
2015
2043
2155
2046
2136
980
365
346
1329
2105
2097
2192
335
1339
2072
2061
418
1309
368
435
1365
1859
1931
1694
674
1670
697
1465
1660
1471
710
716
1696
1600
1576
1575
769
1532
782
786
809
823
847
1581
1697
1702
1711
1366
1911
1903
1377
1881
2240
1847
1844
541
551
915
559
1392
1804
576
1781
1780
1431
1459
1740
1723
1960
1303
436
2243
1071
2386
1024
1189
2382
145
2421
2267
148
2437
