1024
1628
2011
2497
4169
2019
2020
2783
4480
658
2053
1136
1135
2444
1002
1123
3772
940
3974
4733
4535
197
4564
1057
1664
2340
916
1515
3736
1284
3795
2446
4147
4153
4146
1984
1985
4853
2521
3195
2624
2169
3886
3387
4020
1767
4263
3652
3651
1474
4374
1514
2136
1417
3597
3591
4048
4343
1025
3065
3366
4588
4587
2982
2983
3738
3289
2986
4255
3004
3007
697
3678
1765
3048
3680
3053
690
2193
3292
4592
4590
2111
4013
2109
3352
4534
4493
4301
1955
4307
3225
4317
3176
629
4319
1858
4457
1857
2015
1968
3198
3577
3184
4425
1475
1855
608
4341
4498
3582
3260
4531
1443
563
1023
3252
3104
3114
1936
1948
3588
3115
4392
1937
1506
4240
3331
1015
3150
553
1508
2281
3288
3785
2790
2569
2666
3466
2664
2456
142
2796
3500
152
2968
4194
4779
3777
2437
1643
1287
182
827
782
781
127
2782
107
2781
2547
3821
2697
4863
3820
2720
2735
3475
2742
2520
2413
4131
2756
1263
4836
3468
4168
91
1631
2765
2768
2776
887
3978
3909
4199
3531
1678
3869
1688
3867
4680
2942
912
1335
11
1711
4227
728
2964
4667
3903
4666
3488
4659
245
283
906
1544
768
1307
2410
4203
