3242
3749
2844
677
1389
2828
2822
2820
2818
2817
3783
2809
3793
3794
1434
3807
1443
3816
3820
3821
3831
2775
3844
2767
2845
3746
3744
3740
3613
1338
3635
3636
3638
3651
732
2886
2885
3664
726
2762
2884
1351
2877
3694
2870
2868
2865
1362
3717
3719
1368
3738
1350
3860
2757
1485
3992
1549
4006
4007
2659
2658
4032
2640
4059
2639
4068
2664
4071
4094
4095
2615
2612
4107
4109
4114
2610
4118
442
2603
4092
3612
2666
3961
2750
1492
2749
2743
3894
2729
2723
3903
555
3905
2713
3979
2712
2697
3918
2692
2691
2684
1530
2682
3945
3946
3949
3950
544
2896
3603
2899
3276
3277
3280
1132
3298
1148
3307
3308
3094
1152
3317
3135
1156
3331
3340
1168
3074
3072
923
3352
1174
1176
3360
3061
3081
3060
3267
993
1069
3185
1054
3184
3201
1049
1074
1076
3180
3206
3176
3137
3210
3218
3225
3161
3238
3241
1101
3245
3156
3154
3247
3260
3216
2601
3371
3047
3506
3509
2964
3516
3519
2960
2959
2948
2946
2939
3531
3494
2933
1314
1316
785
2918
3567
3569
3577
2905
2900
3597
764
1311
3372
3492
2981
3042
3387
1199
3040
1208
3033
3412
3416
3421
3027
3424
2979
3026
3017
3439
3015
3012
3465
3002
3001
3471
3480
2990
2989
3434
1599
3896
431
1600
204
2290
2285
2270
4580
2268
2310
4584
4590
2259
4600
2231
2216
4615
4616
4586
2214
4540
2311
311
4383
2433
4387
2416
2400
4441
222
2376
1743
4482
1744
2348
2346
2327
4534
4448
2495
149
4647
4848
2045
1947
1948
2043
2037
4906
4810
2035
2032
2031
4956
4984
4985
2007
4999
2034
147
60
4809
1857
1858
2195
4676
2188
4687
127
2068
2187
120
118
2178
2116
2093
2088
2071
2180
4337
1803
4257
1613
2559
2586
2566
4240
4212
4298
2557
4239
4317
4233
4225
2568
2515
2569
2520
4235
2596
383
4319
1643
2541
4259
4277
4335
4193
4278
1641
2597
4279
3590
2648
4557
2292
4691
864
4583
3431
4045
160
3461
2266
133
4653
807
2239
1287
1216
2982
150
152
2556
574
1546
862
3008
4724
3035
4892
4201
3141
1955
4921
420
446
4932
4935
3138
4948
4184
2014
2598
4122
1051
2010
1602
2002
4132
4949
1873
4891
1126
2148
4549
4730
3386
85
4768
4776
925
4778
44
4786
2631
3327
4089
1575
3312
56
1149
4839
977
4074
759
332
1648
1461
606
2331
2771
4521
239
611
240
242
2391
4511
3705
4531
2437
1749
2736
307
685
683
2375
1383
4450
564
3768
1407
1067
1372
3668
1761
1668
584
583
602
1651
592
2760
2471
329
4293
1652
2301
601
205
4379
2406
1709
2755
1420
3104
2072
2060
2794
3076
2731
2064
1435
3079
2067
2634
1994
3108
2796
1153
2804
1155
2508
3089
2805
2470
2056
3115
3162
1095
2608
3158
1093
3169
1457
2774
2589
2029
3171
2464
2776
1141
1087
2456
2784
2763
2790
2626
3134
3130
1946
2742
3123
2475
1474
3117
1083
1416
2141
1173
1291
2319
2676
2532
1540
2668
2968
2707
1277
2880
2973
2338
2876
1268
1264
2258
2680
2317
2703
1805
1326
2295
1337
2300
2535
2281
2211
2277
1525
1319
1340
2921
2894
2890
2936
2906
2398
2997
2524
1203
1401
1405
2144
1196
3045
1330
3050
2136
3055
2111
2380
2104
2100
2583
1396
2163
1209
3036
1245
3005
1758
1239
1369
2716
2522
2855
1233
2368
1737
2641
1222
1386
2572
2843
1557
1063
1987
3188
3551
324
4353
3602
3604
4332
4329
4314
3620
3624
740
3656
3660
4295
358
3680
4291
376
3697
317
3541
4400
4408
4544
4541
3435
4536
4525
3458
3466
3472
4518
3703
4500
3484
265
3489
4459
4442
4426
286
3524
3528
259
887
4251
4231
3837
612
3964
3962
3841
596
3927
3857
3858
3865
3920
3917
543
3914
3900
3874
3898
3884
3886
3973
3978
3808
4008
3724
3736
4206
3747
3754
4194
662
3762
439
4250
3774
648
3781
4065
639
4052
3798
4020
4019
3805
4103
3409
3891
4566
1036
3358
3207
3214
4894
1022
988
3320
3337
4667
3237
3348
4849
999
4678
4837
4709
30
4601
984
4764
4577
4994
3299
28
3292
3193
3295
4115
4116
2606
4760
2627
4230
4214
62
2607
4805
1597
4208
2079
4134
4765
2588
4140
2089
2086
4794
4147
4148
4150
2592
2585
4091
4843
2066
4905
4922
3926
4934
2696
2030
2698
3939
4936
3912
2715
3906
4992
2009
3893
5000
4959
2636
4896
2038
2637
55
4842
398
4050
1559
2049
3941
1944
2663
3993
502
505
2667
4895
3963
4883
4758
365
4749
2341
4592
4597
4506
2360
4603
4484
2219
2218
4607
1740
1738
2212
2369
4458
4649
2382
4520
2732
1831
2333
2282
198
200
4555
4569
2297
2299
4543
4576
2309
219
4537
4581
228
4526
2328
181
2263
285
2393
2396
2173
1878
1879
4710
2154
2153
2525
2151
2526
4741
1891
2139
2137
4290
4558
4260
4747
2514
2174
4334
4344
2205
4411
1866
4409
1707
2402
2407
2414
2115
2415
4385
316
4689
2455
4708
2465
2476
2493
4688
2388
1488
2740
3445
863
865
3436
1230
3018
3025
3433
3423
1223
3422
3031
3413
885
3408
3038
892
3400
3041
1201
3392
899
3384
1240
858
3456
3468
2931
795
1302
3533
2937
3526
2950
1292
3522
3520
810
1193
3514
3499
2733
2977
3490
834
835
2985
3483
3482
2992
2995
3510
1307
902
3048
3265
3258
3144
3153
3246
1005
1102
3159
3224
3215
1088
1084
1037
3172
3175
1042
1044
3203
1047
1053
3198
3194
1066
3266
1121
3270
3272
3380
3053
3054
3370
3363
1178
3359
926
3350
3075
3078
903
3082
3316
1151
954
3300
3296
3109
971
3114
3286
3279
3129
3319
2927
829
3538
633
2797
2803
3785
2816
1414
650
652
2924
3800
3777
3775
2834
2837
2842
1388
675
1384
3757
1379
1404
2795
2791
3810
3880
3879
2751
3187
2752
3873
3871
1482
1480
2756
1478
1475
3855
2765
3843
608
3840
3828
2786
1448
3827
1377
2849
653
1373
719
3673
2850
3662
3652
1335
3610
3686
1329
3594
3581
3564
3558
2920
1317
3550
3600
3695
2560
3696
3735
3712
1367
3704
2856
1992
2047
3929
2506
4245
2678
2509
4249
2373
4804
3761
2895
2788
2773
3517
3763
3168
3547
4997
2577
4381
3181
2015
4851
4380
4195
3915
2705
4192
4341
3866
3404
2505
4296
3291
4082
2630
3684
3355
2999
4098
2191
4668
4102
3364
4666
2548
2236
4643
4275
4075
4461
3336
2993
3044
2986
2887
2125
4022
3099
2241
2142
2240
3787
4711
3314
2806
4505
3325
3329
4744
5008
1548
245
110
1417
1125
878
859
1703
1328
1412
508
1527
382
1893
1226
1508
1842
1489
1506
1296
942
614
1666
424
1031
100
995
3497
3607
384
3470
2719
1202
1894
3770
4431
5001
2623
1486
3925
2949
4740
4282
634
3512
4210
2183
1491
1531
2004
1806
2294
3645
1078
4401
2308
3228
3633
3623
4554
3617
730
1225
3324
3670
4677
3200
2222
2224
3786
3205
2996
1072
2291
4343
39
1242
40
2273
3014
4887
1231
2283
1244
2686
3599
3052
2848
182
3453
2579
3426
2632
2435
2628
202
3375
839
3252
3366
2619
2618
922
1611
3342
3339
2605
3334
3151
2527
3487
1146
4587
173
4412
1610
4425
1179
3066
3584
3574
4845
2672
4447
4836
3823
798
809
812
2389
3244
4588
3513
4452
3507
2657
2685
1391
1070
2001
3853
4620
593
4112
4226
2166
2075
4958
1890
2957
1479
1312
2813
4131
1447
2190
4638
4926
2161
4255
361
1321
4168
2109
4111
2046
4000
4080
2808
2882
1304
2770
414
2872
3943
2858
2829
4060
4535
447
775
3575
1865
1111
78
1096
4721
4671
4943
3305
4121
4432
2379
2482
4204
1128
4486
4078
3124
2448
1562
2621
4057
1936
3101
1934
1115
1341
4055
488
2903
815
4029
230
799
400
794
2473
1160
4950
2112
2316
3869
575
372
4359
4355
1453
2255
3752
661
330
2006
4899
4371
2226
2181
4726
2574
4320
4903
4175
4909
1285
4736
1052
4916
434
42
1419
3951
1617
1472
1614
4182
2288
1059
3675
210
1408
4271
1212
3885
741
1669
4737
456
2852
4180
4757
433
2553
960
4173
973
1361
970
1622
2450
221
3233
4783
2529
1112
1676
2021
3255
2024
450
1081
2485
3345
2468
4725
4746
2832
211
4135
2000
185
417
1962
3394
805
1573
3709
4270
4618
4923
1516
2287
374
1898
1462
4602
3640
1459
742
3953
514
3711
3714
2159
3766
1288
1863
1499
349
4908
2970
1853
116
2186
2220
1874
2177
366
1841
2243
4339
4902
290
753
1322
1159
4221
507
813
822
4799
4449
1931
3120
1342
2062
485
63
4476
1932
399
2054
1162
2879
3983
3595
2922
2429
1449
3580
4846
2349
776
4069
4693
51
3560
3068
1937
1299
4681
4680
2983
4714
4574
2599
3059
2971
1512
4469
3377
915
3988
914
4946
1686
2451
3615
69
4495
521
26
1900
627
4369
4414
4237
237
756
2550
4980
233
4548
1997
2016
2018
4056
1286
617
346
435
629
1849
1274
3801
4901
2193
694
705
2711
3676
117
162
1522
2304
166
4656
336
1877
1471
1881
1430
4955
1920
496
1913
4203
4199
4099
3984
139
590
2925
1908
2864
2113
1363
4672
2122
1398
1971
4965
557
2815
1061
1815
1778
826
847
3451
1565
1568
889
904
909
1580
3362
1113
2653
75
2478
3311
79
3166
2496
1091
224
2517
997
1043
2562
3147
4823
1690
4172
58
3561
3536
3586
4699
282
1170
2329
3991
3555
3669
3654
1210
3309
4644
4171
491
3650
1375
2893
3167
476
1028
738
411
4567
3275
4104
1077
1360
452
989
283
3261
440
1180
192
2853
188
176
1310
3446
1251
360
4617
1133
4345
589
2965
644
3502
1258
1276
3802
816
830
4350
2955
3897
184
3982
4636
4634
783
906
3710
385
3406
3128
4623
288
377
3440
3121
806
3692
0
1759
2184
2543
2537
2423
2251
1429
1836
2519
1438
1817
4886
4879
2306
1505
2502
1776
4858
4767
2781
4835
2377
1498
4784
2447
59
2547
32
2201
4657
2700
1521
4692
1998
2022
4989
2042
9
27
4659
1922
4798
2724
2085
2573
2591
1635
2121
1579
20
1915
2440
3195
2428
873
1062
867
896
979
2480
4771
3332
950
76
2501
1169
2652
3119
1570
3071
1030
2410
3450
1883
3909
3922
534
4242
1911
18
2176
392
4033
4211
4969
1973
1977
5002
4159
12
264
3817
4356
845
4464
838
4816
4455
277
4444
626
2352
3587
2337
766
4413
2322
3626
4378
3029
2709
1205
1266
1380
2780
1263
2975
2871
141
2891
1464
4608
4683
4639
1394
4662
516
893
1119
186
194
949
520
3127
1007
2124
4324
475
2228
3381
4321
1924
1124
4367
2244
4645
3196
3995
1624
3759
3999
1476
1257
3428
5007
654
2552
2593
4720
2768
1026
3379
1830
1826
3402
3419
3923
4268
2
1976
797
1953
3648
2801
4878
976
3557
2363
1790
158
4439
4859
4392
1544
1956
5004
2403
3374
46
3674
2358
3872
4918
955
1501
907
1227
1376
2874
2488
2171
3415
2245
357
1655
2105
537
1269
4253
4254
4330
1848
4755
338
577
3908
1896
