3117
4060
4063
4065
4067
4412
3933
2811
2369
1351
1548
2828
3927
3238
2728
681
3421
2294
677
4107
4109
662
790
3844
1420
4115
1020
2641
3130
1340
3172
4059
4052
239
2597
863
2568
3203
887
2541
3201
3267
4632
4848
3272
2612
2520
901
2918
4879
902
2765
3289
3292
4744
1247
741
2770
3176
732
1258
3331
3332
2615
3277
2601
2608
4681
3060
4233
3746
3624
1152
1153
1156
2977
4239
3880
2713
2715
4455
4369
1688
3662
3827
4307
1661
3879
2997
791
3218
557
3012
1209
4341
4743
1549
2712
4370
4212
2666
3102
3101
3492
3494
2931
4457
2073
3090
2067
4728
3891
4160
3115
3104
3519
1100
2032
2031
614
4176
3564
1478
4730
2698
4197
3581
3066
3749
2038
3114
2723
2079
2885
2756
575
4740
589
590
2992
2976
600
2969
2968
626
2925
4718
3915
1435
728
1316
2722
2506
4409
2118
2100
4155
2080
4156
1512
1087
2060
2042
4168
4177
4188
1992
1955
2148
1514
1870
4493
1847
1842
4249
1168
1687
1194
1648
1201
4323
4367
1609
4356
1879
2149
1052
1051
2646
1479
4634
2537
2535
2532
2512
