371
462
1016
374
206
1372
344
467
1074
1127
1345
271
159
1179
174
328
946
1242
911
1469
1409
735
31
543
534
213
215
243
1163
770
625
601
1136
286
208
736
591
834
843
1068
351
356
359
369
848
859
546
426
441
312
1
1096
1266
1501
1498
992
254
1139
572
46
1338
544
1473
338
118
377
950
1247
63
1093
1430
938
71
1121
450
837
604
1253
264
1233
1201
1268
520
1012
381
711
1185
816
1038
1124
112
976
453
408
724
164
1393
479
505
200
339
10
775
282
1106
563
787
1439
1188
867
145
811
1102
933
574
788
368
278
247
413
836
210
1347
941
1287
1348
1318
1359
973
131
683
1108
1396
