701
1347
1348
1471
145
159
505
493
172
174
816
1396
462
200
208
439
428
371
247
328
279
480
843
271
1018
1163
1156
1242
939
1052
1233
950
976
187
40
456
36
1462
902
442
44
1222
234
359
338
1155
1057
440
1013
1009
1341
918
811
920
111
770
759
886
734
1508
689
637
613
600
579
58
544
1383
272
587
377
1124
546
1430
1509
131
83
74
1038
1025
932
1108
1332
1425
1342
116
197
264
1372
274
630
736
280
1240
729
1359
1121
1007
1012
33
190
826
531
537
757
193
1465
804
518
1423
703
1409
1345
933
38
277
574
1139
157
732
10
877
1287
426
572
912
604
1106
883
512
1493
339
1439
