899
182
185
708
700
193
194
710
696
198
691
684
679
209
210
397
218
180
176
103
767
766
112
425
125
178
126
134
744
148
735
720
712
130
669
665
660
553
344
546
539
348
535
556
513
503
500
496
383
492
392
507
325
575
313
237
238
652
646
251
632
631
268
612
606
600
462
295
464
305
97
86
197
840
70
873
870
805
65
63
72
62
812
25
854
838
39
841
810
13
449
82
81
430
20
531
32
376
309
559
144
445
557
866
2
732
494
726
304
203
204
792
297
124
752
424
214
91
416
656
37
613
275
162
602
299
312
640
705
622
361
765
515
895
157
889
421
49
751
585
9
298
216
672
131
290
229
278
412
249
850
253
270
257
43
580
796
93
146
469
71
467
722
454
489
450
578
551
779
117
605
480
38
116
368
609
724
645
258
601
497
620
133
808
96
516
308
448
582
359
301
787
749
863
864
675
226
46
213
1
330
350
141
853
596
801
763
588
283
528
374
617
400
389
473
778
822
183
746
88
775
457
114
823
53
758
56
820
505
809
372
378
834
716
548
345
742
890
327
748
800
791
41
29
236
427
364
129
73
139
420
783
284
84
694
232
426
491
34
519
636
113
637
85
277
243
432
385
166
156
408
179
282
61
709
663
380
