790
1168
1161
56
1111
1072
1059
1028
991
1986
893
2094
119
624
2397
602
2209
156
168
471
453
448
418
331
213
214
1801
1766
2046
1575
10
1378
1410
1729
1775
538
2219
2220
2221
2223
540
513
506
2238
478
1465
555
1671
569
572
585
590
1677
1686
604
619
1698
625
633
2156
2153
2152
474
1469
1616
2150
1572
254
268
271
2323
2306
319
324
1544
344
2287
347
349
354
1639
371
375
382
2275
391
398
402
1613
2268
425
426
428
437
438
439
373
654
702
1307
1944
1023
1392
1940
1049
1050
1390
1922
1920
1081
1084
1089
1093
1095
1009
1100
1874
1363
1871
1155
1869
1746
1866
1339
1842
1827
1221
1809
1310
1799
1909
683
1953
1960
703
710
2122
725
2109
733
1422
2100
1701
2084
795
2062
2051
828
1393
251
846
853
860
861
863
870
878
886
2018
913
2000
1399
1980
974
