1575
1062
1060
1320
2083
1037
2096
77
1357
323
973
327
1754
1383
1386
1835
1393
2265
1069
1084
184
2045
1868
1881
1279
1206
1160
1905
1157
276
904
1931
1933
1116
1987
1105
2027
2033
1097
1095
1280
60
221
1440
1537
2398
1564
567
554
2405
552
15
170
1609
2421
11
516
499
1587
452
1586
2485
176
674
1619
1629
206
853
2313
1494
1505
691
2344
38
1847
1533
1647
1286
1464
1471
2488
1534
1416
1370
1568
1368
1527
1506
1353
1524
1285
1354
1283
2489
1238
819
814
806
788
747
372
746
736
646
637
626
569
414
548
535
470
434
825
854
870
350
1214
1118
279
1112
1104
1050
993
