1993
1658
588
1654
597
1178
1382
1171
621
629
1661
634
644
650
655
663
1158
1625
688
690
702
1454
570
1446
563
418
429
1744
1737
1735
1209
467
473
1733
1204
511
516
1068
1199
539
544
1704
1192
1696
560
1688
704
1241
714
721
912
917
923
1122
957
1545
1543
1506
987
905
1102
1529
1511
1024
1033
1522
1041
1050
1058
1064
994
898
887
884
1153
741
1602
752
754
1459
763
779
1597
795
799
819
820
821
829
844
857
865
1589
1493
1574
718
408
1200
394
1916
160
162
1331
190
193
1317
1889
202
205
215
1430
232
1301
262
1297
1865
1413
1846
149
138
1933
1941
2
10
1377
1387
1981
1395
1977
1971
1968
1844
51
1966
1366
66
69
75
81
83
1943
95
57
1287
221
1817
325
1786
1783
1270
343
1778
1285
1777
349
350
1774
361
366
1757
377
381
1753
386
1752
1789
323
1518
301
1813
309
1403
531
1365
724
38
654
895
55
510
1923
1659
1535
444
4
1616
357
1410
180
538
1954
537
183
671
976
1201
781
46
791
523
1892
1397
1510
365
1627
992
1685
812
1619
675
686
848
1705
1592
65
787
273
410
1172
1180
166
1617
1447
1414
1475
1501
1411
1435
1428
1405
1496
1398
1427
1489
1434
1426
1645
1523
1751
1771
1779
1792
1796
1807
1838
1842
1848
1858
1864
1747
1869
1871
1888
1890
1894
1905
1921
1949
1962
1978
1982
1984
1870
1515
1742
1732
1527
1533
1541
1570
1572
1573
1575
1585
1593
1600
1607
1734
1626
1637
1643
1652
1677
1682
1686
1700
1701
1709
1724
1728
1633
1385
0
1373
333
337
341
344
345
375
384
390
397
409
443
456
457
463
465
480
496
519
520
549
550
557
1384
564
568
571
578
579
581
324
596
308
302
16
31
37
45
47
48
49
58
64
77
84
93
101
107
131
154
161
192
196
200
214
247
253
263
275
277
282
290
296
306
601
561
1040
1143
1140
1130
1124
1112
1107
1148
1093
1080
1079
618
1020
1017
1013
1081
1992
1162
1187
1368
1343
1338
1311
1308
1296
1185
1290
1282
1281
1277
1266
1251
1234
1289
991
993
793
689
708
683
731
744
678
647
762
986
822
835
878
640
684
945
620
882
974
914
930
880
1983
299
1558
569
112
554
313
281
532
1886
1884
1401
1957
1582
288
