1087
614
1723
1706
644
2277
1650
1610
2287
708
1753
1578
2299
737
743
745
747
784
788
134
1499
1577
129
562
1096
289
2073
2061
399
2019
2003
1989
1987
1968
1803
257
245
1913
1902
230
1871
1866
507
526
536
457
2323
1571
1057
1004
1067
1135
1283
2481
980
1238
1270
2404
1155
961
1042
1222
1040
1032
2373
1423
1374
1181
1019
1018
2351
1417
870
1103
2463
1182
1100
1034
2430
1337
896
1917
1915
459
1906
476
832
1982
343
2085
2084
349
350
356
1954
2077
371
380
2042
2013
1142
1045
362
1884
546
1881
316
728
1297
733
1556
1332
1284
1552
766
1361
1512
814
844
1472
1542
1027
1593
702
521
1827
1007
1208
1740
603
928
1737
1721
1251
965
662
665
958
618
2152
544
267
2169
2423
2483
7
2221
2156
2407
249
2255
2441
162
2307
