1445
441
204
1396
138
411
145
406
1375
337
398
1262
176
180
376
210
186
189
1238
1216
1365
242
1240
49
976
646
1429
689
38
756
572
1433
941
403
1424
172
686
166
208
1441
1435
1328
405
891
348
636
136
339
1163
231
121
1013
427
1401
1356
1327
1378
328
345
262
257
404
195
948
623
1413
1046
1412
497
478
130
310
1392
190
412
410
361
1206
383
1078
381
331
360
371
1320
1185
341
77
1372
1408
1395
1407
418
396
1281
1162
835
570
1349
116
1359
174
1367
344
156
171
1145
833
1213
1025
165
1041
696
469
75
129
185
419
1170
435
154
1342
620
1330
284
287
362
1373
903
1110
508
1082
1187
461
274
237
243
432
153
329
408
346
28
313
394
393
1384
311
1418
1034
317
159
1160
101
193
124
1284
1255
819
1383
1256
848
1380
356
335
1118
1352
832
1071
1315
288
531
118
140
342
