512
1268
284
1690
1747
797
1755
1667
212
192
1779
1139
148
907
2143
817
1811
1662
2268
2026
473
1522
1413
1408
443
714
582
428
1588
402
1357
657
1981
432
107
267
2019
78
1914
1878
1105
4
1028
1907
928
970
667
1305
352
1345
660
2191
339
993
375
1632
2042
2117
1642
706
707
711
982
718
1659
97
47
1676
1681
2064
1854
2062
651
399
386
1472
1465
1434
1481
537
471
544
2125
2033
1532
1537
1048
34
2225
2218
2368
1400
2214
1576
1056
1390
620
625
627
1874
1693
1010
1258
2345
1716
2073
966
1950
1099
1767
1216
818
2087
82
1160
1939
232
2156
874
875
881
1794
2343
910
2139
2105
1928
1819
2104
87
795
1846
1289
1735
1251
1231
268
2177
764
2307
1237
247
774
2293
241
2122
1723
1951
1515
1240
1269
117
596
2226
53
406
1125
1816
1480
1606
782
1059
810
344
1126
919
532
1463
2020
942
752
541
967
1091
1348
690
2049
1366
637
1376
2180
968
2090
606
1151
1144
594
717
864
2149
1050
553
2097
1031
407
1547
439
109
351
1931
1795
332
411
1934
1985
2306
279
389
235
2264
186
370
202
1980
1941
1618
227
236
70
120
1899
1733
1687
2357
46
1488
1918
508
1724
1898
1475
2276
266
489
1377
851
962
2369
1024
1
2080
