403
847
684
1939
1928
2257
642
418
1258
2102
1463
2104
1907
607
232
439
133
1269
2202
2015
1776
563
1400
551
548
218
982
1105
205
497
692
259
1511
1951
304
1194
2351
2350
2344
1196
1337
24
26
298
1024
1365
2334
2318
2310
745
2305
81
2062
710
1488
1230
1108
331
1860
1377
1861
427
967
1967
1386
962
997
1366
1936
1390
1952
379
1353
378
995
375
1018
461
1773
493
860
696
1615
701
845
706
719
722
728
729
736
1496
834
1550
1506
771
816
1546
792
1469
490
1642
1660
946
942
508
1831
523
1423
1803
550
1800
1772
591
912
1453
1454
1712
1462
1676
1466
1467
879
1048
1513
165
1251
2226
202
2080
1171
257
109
1169
1065
2256
249
87
2264
247
1104
1158
1151
1080
1309
1270
98
2059
192
