344
816
2259
545
1740
453
775
2253
454
268
1239
464
466
1208
735
2202
725
148
161
690
657
642
623
2143
610
530
2088
2019
2267
576
924
22
19
14
1081
911
2316
1827
45
2345
2344
48
2312
427
1133
875
298
1149
1878
893
1792
1619
511
1624
1589
516
366
1875
370
1579
508
1769
1639
490
1675
1865
1772
1716
1727
1822
393
1752
1794
1759
1767
1007
449
1146
582
797
1215
1196
1188
1175
1163
1158
854
1221
1151
1129
1114
1111
1045
1033
959
1012
992
872
1559
1227
1237
1522
595
1505
1481
619
629
647
1426
1228
1411
1345
1315
1309
729
1293
745
1272
1240
1890
1409
1003
166
2159
335
1934
2114
284
282
241
93
13
299
133
123
2283
2111
90
1941
2195
333
2246
1980
107
2066
2306
2264
277
324
99
2233
2185
1972
1281
1298
1612
496
864
345
2107
846
707
562
868
1870
1924
546
1212
620
1024
1800
1625
1632
247
1638
2128
1268
825
2049
1204
2232
563
100
769
1601
600
1286
192
698
348
1889
1882
702
1903
1
1026
1448
1029
1795
411
1480
1779
126
1459
847
1694
1719
467
264
266
1105
738
2311
1967
1942
635
428
61
579
119
1421
186
674
1920
2039
2318
577
1021
1153
1580
1588
553
805
1899
1087
2254
814
1465
2226
331
874
2064
1611
1413
1592
1551
659
354
710
1010
980
773
2343
42
1120
1127
739
2293
860
2269
1191
802
8
834
1456
1998
1508
473
605
2102
613
1547
666
572
2164
1701
1918
202
2317
856
1030
1845
215
1397
1381
2188
1417
970
253
1323
1216
1697
2288
550
1562
836
263
2058
2084
684
1479
1472
1454
174
1733
2192
444
1877
1017
380
941
925
416
2070
56
1157
436
1898
227
1467
544
554
717
316
556
1743
394
23
1817
1811
1329
1065
942
289
52
194
1747
1242
1451
1978
165
92
1629
364
95
1160
1404
1217
1330
392
2097
567
785
1234
2369
583
296
538
1674
173
1776
2212
652
625
1067
1126
592
62
1718
670
