1598
545
1200
540
1341
1819
539
1471
528
526
1000
1198
1541
1462
2409
1334
1457
1448
1091
1545
97
1752
632
458
2297
1261
1844
1235
1898
609
644
1298
1371
604
2361
603
1033
586
585
1477
579
1343
575
1209
573
571
1953
1476
2302
1960
2386
552
785
1897
1282
1431
2093
1580
846
1281
1669
2459
1121
1169
1442
2205
2476
1432
934
2097
1649
2181
1657
1436
1155
1170
1399
448
2082
1601
921
1567
1606
2138
816
1699
1417
1631
1633
1569
1692
1401
1270
68
1212
1903
602
2113
336
1183
391
2038
472
1184
274
488
296
429
1381
262
1380
2012
2243
516
415
2219
2096
1110
1964
393
2100
277
628
2144
2376
1848
1674
948
2391
699
1531
1008
2397
1735
1339
353
727
745
