901
325
435
85
2056
117
916
814
881
815
763
40
422
1376
1172
521
1373
1356
1354
1377
1379
1393
1388
1391
1404
1408
1414
498
1440
1441
493
492
1454
1466
488
1387
530
538
532
1200
1201
578
1210
1223
1225
573
1226
1235
1252
1265
565
1270
1273
1280
558
1316
1320
1321
1324
1333
541
1338
487
1342
1353
1499
1517
1507
1625
1628
423
420
1637
418
1638
1659
1661
410
1692
1608
844
1708
396
395
394
391
390
386
384
1709
1713
379
401
429
1592
433
479
478
475
1197
473
472
470
1518
1519
1525
1536
1543
1544
455
454
451
1551
447
1553
1561
443
441
1568
436
1590
1506
587
1180
592
777
944
947
770
950
966
971
984
985
987
989
778
756
995
745
743
996
1001
737
1002
1003
1008
1009
730
993
931
928
785
850
839
855
834
832
861
864
874
882
819
884
885
813
811
810
808
805
887
890
892
894
799
896
904
790
1012
728
1013
720
640
1112
1113
1115
633
1123
628
1127
1131
1132
1136
1138
1140
1143
612
611
1156
1159
604
1168
1169
1174
378
1181
1187
1111
1194
1109
650
1014
716
1015
707
1018
1019
702
1026
1033
1034
1037
1041
1042
691
1056
684
1060
678
675
1081
1088
659
654
1097
1108
649
1738
845
176
188
2104
2110
2111
2391
179
177
1752
2388
2381
175
172
171
2120
2131
2132
165
2138
2380
2151
2168
2095
2174
2078
193
87
228
227
226
224
2014
2414
2015
2018
2019
2020
208
2410
2025
2027
2033
2044
2045
2402
2061
2401
2066
232
2177
2184
122
2245
2255
2335
2256
2259
113
112
110
109
2262
80
2270
2283
2309
