1252
214
1066
2311
2309
1056
1051
1048
1047
1046
1735
1038
242
1022
262
2276
989
1781
1791
1800
2252
2248
1807
2246
1096
1818
1704
1692
1215
1212
2395
1644
1195
1194
1180
1659
145
2377
1162
2374
1673
1674
1154
1148
2355
1140
1134
176
1129
1685
1688
193
2239
319
2232
1984
667
2122
659
657
652
2005
2006
643
617
2025
596
498
499
580
2032
572
511
2045
549
2053
2063
538
693
1974
427
2153
332
893
882
1852
1867
2209
1887
1889
1891
1903
1907
1216
787
2186
2184
1918
1920
1921
2172
2171
746
1459
741
1948
785
2399
2066
1532
1554
2472
98
1594
2422
45
1614
2423
1414
1562
2440
1326
1297
1261
1563
1415
1570
1566
1545
1355
1450
2436
1523
1449
1539
8
1467
842
338
786
1851
1850
346
2221
2191
857
335
825
843
827
1362
853
2407
57
270
2271
1756
2269
1777
1778
967
961
1785
1799
939
937
1802
2249
2247
2245
1811
315
1822
2453
2238
1624
1834
887
1823
1936
41
2009
621
2100
2098
609
486
1478
598
589
1474
2483
1471
575
571
570
569
508
1470
564
1445
2051
2062
1452
526
536
2480
2007
1425
1422
387
1527
1926
1009
750
407
1391
1392
1951
2158
2155
724
1915
422
715
1971
1975
1982
447
2126
672
665
664
660
2117
658
426
2067
1013
2351
1573
1574
1073
1300
107
1293
1053
1669
1713
1717
1153
1718
1058
2344
1076
