302
43
615
168
800
413
805
749
716
503
717
225
563
221
727
218
843
547
103
97
349
196
658
533
553
834
434
13
161
705
140
370
523
706
487
710
29
456
532
122
592
137
729
187
556
348
345
151
364
353
570
835
496
566
176
830
831
170
344
666
575
448
735
731
687
517
520
290
281
528
690
526
778
268
269
270
774
278
524
508
676
675
670
202
671
207
818
815
212
331
497
327
737
229
499
537
307
341
578
580
275
89
420
651
85
84
46
611
49
654
393
603
422
79
469
74
73
579
468
865
606
408
459
64
458
54
38
618
860
891
846
366
