2
548
1137
1181
1254
174
1300
1321
1343
155
1410
1421
1426
118
1469
113
1476
102
993
89
231
819
561
512
511
568
475
574
600
613
360
666
729
734
743
770
805
806
269
887
79
1054
76
64
46
1646
1711
1549
1620
55
1550
1588
1679
1570
71
280
546
784
303
157
790
270
851
263
750
853
249
867
1639
891
243
194
918
200
1161
1641
1663
1002
114
594
596
75
573
382
119
1704
579
123
621
567
521
344
221
141
555
609
1483
903
556
334
732
1700
380
354
720
721
736
11
18
82
1346
1390
131
196
94
1529
1360
1177
146
144
1388
1276
343
1506
85
1677
785
808
780
826
105
951
931
532
106
108
599
290
776
207
355
261
163
1396
298
60
701
23
835
1458
585
1735
218
755
1412
607
1369
1629
860
1259
1180
1337
265
1141
801
812
1238
834
252
1358
863
1232
227
236
850
14
1520
1564
497
591
1471
767
1383
1710
1594
1003
32
309
992
595
526
1595
38
1612
311
466
1505
457
1633
1638
610
332
313
1482
