2
628
781
804
155
855
862
869
878
908
122
120
921
1137
85
1208
572
218
223
556
288
285
281
316
332
262
261
1224
378
256
250
460
529
234
231
548
422
1259
292
1551
1577
1710
1406
14
1514
1569
1432
482
1452
858
139
1470
1564
532
40
826
604
1544
560
788
1485
568
579
585
210
594
599
187
743
542
1419
610
1410
1390
1181
1671
1624
1411
1142
92
1138
1595
1397
1002
259
282
297
1349
432
248
294
1003
343
8
1704
206
302
559
351
544
380
1588
512
511
475
1528
465
736
889
960
293
1113
1150
1161
808
38
769
767
1364
870
1346
744
79
1254
766
1300
1321
116
114
16
113
1714
1358
363
355
919
1701
330
986
1177
726
771
608
740
183
175
167
1549
1337
852
235
903
835
287
1502
917
47
429
866
321
1233
1230
755
849
727
426
344
1550
816
701
819
720
583
760
1737
233
274
215
109
280
164
129
60
284
69
853
105
827
178
888
267
1635
1408
747
31
848
737
313
1663
778
832
319
1679
304
676
811
1436
1348
1511
219
124
290
951
1061
289
1612
1598
295
1566
286
