1999
891
1077
649
194
909
90
1501
252
1640
1677
67
1717
355
994
1628
686
313
1434
860
196
185
326
331
1279
1221
835
203
204
1200
559
1407
548
638
1782
1801
655
292
1919
431
728
1965
976
1888
1835
744
290
1947
688
1119
875
102
1899
1104
249
887
1533
104
881
1013
1066
1252
186
952
1330
699
1320
325
299
1266
1452
904
341
1528
542
1510
499
25
1197
1444
1036
579
142
938
1661
526
781
1162
1003
1336
298
463
848
1018
798
1756
1631
1793
1401
942
879
1549
71
972
1373
927
1823
207
224
1722
58
1723
671
1291
947
398
1707
352
100
982
116
24
968
902
536
1571
703
669
1044
472
285
1550
810
804
1229
450
1727
1799
1096
173
537
267
955
465
256
496
319
1488
1005
362
959
883
1028
991
1148
324
1167
664
