415
365
1390
1421
588
1448
150
1454
1468
1493
141
1495
574
572
126
1552
1555
564
115
1575
107
104
1586
99
1590
1618
1330
633
206
212
310
307
799
829
857
288
281
675
924
953
958
980
1633
670
1006
1075
1100
1102
242
1157
1218
1227
1234
1240
1243
350
997
1645
1433
1992
1797
1900
393
1826
1893
1757
1969
462
33
386
1884
395
482
14
408
1903
1397
1925
1370
1296
1275
351
949
908
1265
1616
547
779
436
94
1386
50
600
585
1354
983
1518
194
1417
894
1525
349
1519
1583
1284
1286
714
1365
1945
1252
589
920
652
1825
960
286
78
420
32
1886
1322
622
1087
651
160
1930
553
1733
120
1068
