1690
149
827
1272
858
877
384
1945
1301
1572
1702
938
1229
1430
1893
1717
2441
905
2240
2033
739
2214
1385
1366
231
537
1582
624
207
1643
2087
2075
2062
2360
2061
186
706
710
301
994
256
1846
1768
1197
18
1718
1426
1060
1128
40
1802
1149
2480
328
2481
1820
1861
2453
998
35
1399
166
415
653
1139
331
175
179
180
1102
19
1305
586
608
458
459
481
1441
2281
2
506
236
2191
1493
225
1586
544
2326
1585
567
1541
1339
2244
321
2378
887
886
915
884
393
1232
120
91
380
343
965
454
2410
140
829
1982
1696
978
2465
1534
1278
1567
1714
801
392
1283
1286
1899
1070
150
1244
82
1596
955
1028
246
502
361
2341
1871
2121
719
1084
2047
687
1201
665
878
2076
2396
2400
1739
171
118
1312
27
2242
376
1406
1410
1419
450
2238
600
539
1759
1163
1785
1071
1058
1053
1037
1859
1016
1876
1222
946
1712
501
904
873
1287
790
326
773
1504
707
647
2090
560
1355
554
1618
1254
2010
1750
203
322
47
276
1487
1515
305
1519
143
2344
2450
41
2386
2382
319
2288
84
2409
2394
1548
1520
2407
1892
780
1431
275
2338
895
2176
1684
870
854
1264
528
551
764
2209
1446
211
607
1799
1103
1749
702
708
2073
2103
1823
292
453
2334
857
2220
1974
408
2096
494
282
979
932
1437
869
636
2393
119
638
1464
2354
755
2058
174
219
2376
239
1313
588
2050
813
1172
2051
1634
691
2362
229
610
758
2126
1635
686
1331
1491
1482
1857
1850
1787
1790
2293
2275
362
1816
1195
240
1082
1405
293
371
1422
294
960
484
1560
1767
975
694
1809
83
2415
1061
836
643
917
1699
952
1018
906
1224
1824
329
1079
725
374
1097
1758
1497
1116
2064
1740
2042
1780
1771
1547
1661
1309
2029
530
2439
1468
743
435
543
1459
431
1902
2460
1995
793
1443
1047
2463
1704
570
1067
2322
861
937
2479
1884
1639
1320
1539
2152
866
1466
1654
1691
1166
889
759
2261
2227
2213
1562
476
2137
288
468
2259
1110
209
344
1089
2206
1346
1054
644
2155
2245
1923
546
24
1872
1280
976
2406
1481
2202
181
1965
951
2290
2447
31
1170
2081
788
1474
1451
93
1247
1284
1784
1017
615
963
1913
1208
2197
2306
1064
2235
571
1275
1290
2307
141
2349
2375
2241
1646
1188
526
234
1364
152
2466
1259
2475
1565
1467
717
672
270
2471
1490
340
2445
1866
2142
154
514
1293
1983
1615
1214
71
2173
1461
823
