1430
1466
2010
1197
2037
2038
1079
2052
499
1429
812
118
2073
1423
2407
2091
1039
2060
500
1992
677
1848
1526
1144
1574
1899
2447
1502
2449
945
1500
1163
1951
1179
1181
326
854
1587
1204
1399
2098
2122
2249
642
1312
1105
1309
2292
2293
1748
2314
2320
1078
2336
2341
1272
1699
1287
2368
634
1065
2240
51
1247
2148
752
83
1782
1116
2238
742
1350
1332
1067
2220
2227
1313
1779
1128
1595
526
1122
1651
528
1561
670
1533
1293
1295
1304
1310
1327
1263
1343
284
392
2382
1232
1433
1452
1482
1512
301
1261
1712
453
709
603
