0
427
441
895
444
448
450
454
457
461
467
482
489
492
494
497
500
503
507
515
518
527
528
535
545
546
547
551
552
553
425
417
408
405
244
249
251
254
257
283
284
287
288
295
296
299
301
304
556
310
327
330
344
351
359
368
370
371
372
374
378
383
388
392
320
238
565
580
763
765
769
778
779
780
783
794
795
800
801
805
808
810
812
818
819
820
823
841
850
851
854
863
864
875
876
889
890
758
750
749
746
584
588
592
595
596
602
605
612
622
623
624
642
646
660
568
662
669
672
684
691
696
700
705
710
715
720
724
736
737
742
665
237
899
33
43
41
170
112
173
29
176
177
82
180
184
111
108
106
13
97
9
81
114
79
159
125
126
117
73
63
134
136
139
195
141
116
115
146
59
148
74
56
157
62
196
120
218
86
88
198
197
7
213
393
357
651
821
855
426
856
621
89
253
473
376
469
645
391
232
60
400
569
