1613
464
1189
1771
1808
1184
1179
1211
1826
1127
1881
1093
1486
1912
456
1834
453
124
1718
1497
345
1528
1538
1314
1562
490
548
1292
144
1624
1262
640
1714
1575
971
81
1969
2
5
776
787
2265
817
822
2118
823
1958
397
2055
34
865
37
840
2029
1971
934
866
929
914
909
1433
314
1125
1344
271
642
1317
716
1316
682
999
1313
1001
674
790
596
1293
243
609
230
613
1278
892
201
637
1087
690
851
845
821
0
1494
69
1930
1932
1949
1982
1985
1995
2017
44
43
2030
318
2050
426
2099
2104
389
2129
2209
2221
2224
2285
349
1354
85
1925
1855
297
1522
1537
158
535
1585
759
1615
137
1890
1680
1658
305
1697
131
1761
1818
1820
1823
1842
749
630
634
309
580
388
375
315
1339
1754
2303
224
1945
1690
2019
1241
2105
1255
2092
1580
2072
1550
2036
771
1924
2268
379
2277
2038
404
506
486
1728
752
532
1571
1517
1301
1288
1280
1251
1223
1185
1058
831
1749
337
1109
276
195
99
249
163
205
378
2167
774
1833
270
739
2309
962
1723
1166
398
1506
1217
2007
449
854
825
805
882
1587
658
665
1020
778
2187
1713
555
2117
97
2033
120
897
719
