183
1182
1017
43
1551
2226
116
1046
1445
453
1416
1351
60
1332
591
1146
1148
581
1281
1266
638
1620
1213
324
2319
2010
2310
758
767
1908
230
1855
716
935
292
662
975
980
1890
276
1686
2021
1327
2060
190
2137
1965
1497
382
374
611
645
942
889
632
2149
2205
987
2318
212
962
1754
753
281
1959
194
208
876
847
844
197
799
1922
1925
772
1882
1179
995
353
534
563
1163
1157
1307
1323
1136
1115
1113
602
1437
434
1048
1514
1019
414
413
1571
1611
635
378
1683
543
1107
2285
2041
2030
107
2070
2213
86
2064
2014
2031
2181
1991
2167
55
137
1740
2290
1892
2247
498
2302
51
1786
608
2032
731
1715
1749
1469
1264
1171
934
124
2020
1367
1408
1309
1969
32
1957
1227
99
605
1793
539
720
2303
1953
1767
887
538
1201
131
852
1714
2087
379
1138
1971
422
781
1670
417
1808
1770
1815
973
992
806
1353
840
2293
1009
31
1813
235
1344
1822
741
2128
1865
1764
2166
2190
1274
386
788
