89
526
839
697
44
508
239
228
441
702
638
777
80
158
1
145
750
340
564
520
577
778
385
775
872
389
825
232
299
413
88
637
521
301
655
156
701
243
709
334
429
11
192
54
511
753
202
484
205
685
747
328
242
95
462
128
351
796
835
365
494
273
315
352
338
657
280
303
733
403
487
119
865
534
123
458
394
139
323
571
510
191
222
730
868
417
398
214
758
353
681
622
420
779
168
889
208
891
234
621
115
400
725
755
376
446
594
886
47
319
422
309
133
419
625
689
684
92
169
414
4
408
226
249
240
61
482
848
426
667
391
350
793
412
555
543
433
