1341
526
848
1642
1641
850
1628
1661
1626
183
1605
505
197
1571
908
890
529
825
816
92
759
1812
98
765
1780
773
558
776
783
123
549
134
1680
809
1552
745
909
1517
1258
1247
1243
355
1063
1070
1276
1079
372
1175
388
1134
401
1119
371
1323
629
1364
915
241
959
247
1484
1445
267
1431
1425
274
989
295
1380
1373
1005
1541
1828
1108
55
705
1985
1934
1847
1890
1901
76
60
1963
1913
13
648
691
1935
68
36
460
20
778
178
1361
1470
1289
1493
788
1941
313
801
210
638
1796
1581
658
1505
835
301
919
1378
1061
338
1970
1052
1299
1298
601
668
1585
1593
504
208
1332
1016
45
188
1033
1617
1926
1537
1905
329
880
513
853
1514
676
862
382
1782
769
1151
1098
1142
1790
1805
1806
647
962
1141
752
748
1456
90
260
1996
467
686
1418
975
742
413
1499
381
1336
1769
292
143
540
1022
1203
35
1710
1720
135
1725
1160
1726
1187
548
63
375
717
1745
252
373
1548
253
1509
996
238
997
298
736
1940
1795
153
542
538
318
1858
707
1959
1908
1104
1120
1612
127
743
1602
1189
1580
1101
1164
1060
1186
463
1184
1024
284
991
465
391
1946
1140
1944
407
389
1387
1231
1071
321
1329
1324
1010
1348
1352
1313
1041
669
1369
1371
337
1049
432
1256
1232
1947
1225
363
1385
1435
904
1939
89
1920
213
1554
906
205
1708
729
1597
1789
106
1608
1614
874
1904
1638
701
1696
1685
804
1866
805
810
220
154
786
706
833
67
1770
1895
1737
1526
203
224
1839
264
1837
261
966
1457
479
494
1477
1841
955
1494
711
575
744
923
1596
1408
394
617
1444
1242
734
1543
405
687
967
81
1138
650
1705
1980
345
576
661
1475
1122
1437
1383
396
761
1852
397
872
1394
1056
883
71
414
419
545
774
730
640
728
732
780
794
1097
1047
1080
1007
496
914
671
489
929
931
603
459
995
478
469
976
471
968
972
954
1082
1017
898
1072
656
1065
708
822
527
834
411
521
595
441
1038
1034
896
1032
599
520
605
631
1116
1673
1665
157
159
1656
1655
164
1652
166
1107
1629
1735
180
182
1595
1556
228
230
1503
1501
1491
1466
255
259
181
118
1765
1766
2
1997
5
1995
1974
1951
23
1929
1917
41
42
1910
1897
1892
1879
1871
1862
1857
1845
1834
1823
1821
1818
1786
1783
1427
1424
1634
1291
326
331
1419
1263
1261
1235
302
1206
365
369
1188
1384
1388
1396
1201
1328
1413
406
1414
1128
1158
1398
