2189
1930
586
1623
1640
1656
3079
2266
1666
908
571
509
3009
1678
2347
1002
2937
1720
963
567
1478
1519
897
2188
3804
455
3614
2224
3370
1956
23
1749
596
593
2243
848
47
1436
1193
490
1344
2310
2321
2219
2205
1099
232
2283
439
985
3813
8
3775
1343
609
21
1413
882
3456
3210
912
2996
3003
2197
913
569
1802
530
523
1164
1716
473
637
1854
1189
1283
1757
3823
1679
589
841
1345
2201
937
97
932
2346
2806
3204
2532
1100
892
866
3604
3613
3202
910
1667
3597
3751
2933
1730
3227
1627
2960
2268
1830
1080
1913
2230
1988
1078
426
2220
525
1838
527
2207
1832
988
2360
2245
1381
493
1360
3566
2082
2249
577
79
925
951
1526
1339
3048
608
906
881
930
688
1302
1943
140
3080
2288
2246
2945
3293
494
3391
539
3540
3011
3581
1915
3043
2352
3028
3014
1378
3445
3557
3067
3244
966
2928
1346
2926
2814
2430
2306
2235
1131
2000
1877
1447
1383
1340
936
1676
3831
513
193
501
634
625
496
1272
642
1294
1243
1177
1500
1140
1531
1615
1672
548
1828
1129
1266
1017
144
3744
2200
447
3606
3219
850
3214
82
333
2152
2329
2784
1971
572
2232
2251
3206
526
1950
602
1423
1285
1849
3310
1911
3626
2183
1528
0
934
3035
1402
831
3584
1633
1799
640
1348
821
2785
1291
2287
2252
