1674
829
3035
824
674
3089
642
1478
3204
610
2206
3217
2201
1596
3248
569
1672
2189
3362
1675
838
840
2231
892
1181
1112
1231
1100
1265
1033
1025
1285
1336
511
2903
2253
934
1378
932
930
3011
3018
914
3026
1339
493
2223
1179
1757
3597
1950
37
3563
1908
464
1921
1031
3210
3580
3105
3054
2177
850
1425
156
3633
1384
333
73
946
2287
1839
2296
1056
3665
3034
3536
3456
831
2341
2309
1985
1165
1198
1105
3813
1787
223
924
2196
539
1501
1526
513
1381
816
925
2360
95
97
3745
1243
2170
2784
997
1682
609
577
3131
2320
1627
2962
1291
1414
2199
3096
3072
2348
1643
882
2131
3591
1613
2209
94
3767
867
1924
612
2229
2193
1432
1971
1448
1344
47
1822
1891
3227
1319
2252
1930
979
3392
988
1644
3326
3048
2250
2227
1470
3030
805
3508
1434
473
1988
1128
2152
754
2228
2796
2598
559
2918
2274
3353
2184
1121
175
1476
1380
2268
3042
3395
3542
1449
2937
3076
1443
541
1799
193
2293
587
866
89
523
2238
3604
911
2173
1735
1191
1507
2172
2232
1872
65
3566
571
3384
2239
2249
1606
3043
3003
940
2234
3202
1838
2187
1630
3613
1836
3022
912
1361
1629
1716
1402
1001
59
2218
459
461
688
3080
1730
823
3066
3213
3117
2191
2188
1652
3315
566
1614
1686
3445
1531
589
3216
1504
3214
1429
1713
630
1472
1464
853
3031
1307
1042
16
2516
856
2899
2008
1340
955
2014
982
3570
2257
2264
941
3354
426
906
2288
2352
2301
2082
3008
1935
2174
3289
1654
2244
945
3349
2353
450
2335
1216
3370
2178
3468
2203
2267
908
2283
1611
849
1398
2220
3304
1762
67
1295
2205
3004
2724
2333
961
2197
881
2230
585
2291
2281
3626
3656
2882
2861
2195
3585
3772
3793
3814
3817
2299
1882
2334
2295
2537
2931
3317
3261
2200
3233
3207
2217
2329
2277
3094
3037
2161
3469
2240
2241
2260
2224
2631
3825
1352
1322
1329
1343
1355
517
1368
1388
1302
1389
1413
443
389
1500
1528
1535
1600
1392
1278
1258
1238
679
722
827
841
870
933
636
625
951
608
964
603
990
1079
582
1129
565
232
1679
678
1810
1742
1749
1794
182
1695
1377
2222
1805
3260
2366
4
3638
2995
2960
1814
2907
607
3333
1830
980
2321
950
2945
2859
2310
2345
2251
1943
602
1193
3020
893
339
144
3601
1426
1913
527
1453
499
1753
1103
3095
1428
1004
1348
3009
2013
1045
14
921
910
2300
448
1444
1797
1118
1204
637
3334
1607
1727
1421
689
2397
2980
1970
926
2212
586
15
596
5
682
700
1820
1709
693
2198
1690
986
2900
1662
1812
658
1110
1399
1733
759
1382
469
1726
1360
1832
671
11
88
3345
3564
1338
81
342
580
1135
1151
488
2286
928
2331
1689
1723
74
2175
